# SEISMIC FIRST BREAK AUTOMATED ARRIVAL PICKS
# Format: Trace_ID    Pick_Time_ms
# ----------------------------------------
1           	233.000        
2           	224.000        
3           	213.000        
4           	204.000        
5           	195.000        
6           	186.000        
7           	178.000        
8           	169.000        
9           	160.000        
10          	152.000        
11          	144.000        
12          	133.000        
13          	118.000        
14          	115.000        
15          	110.000        
16          	94.000         
17          	86.000         
18          	74.000         
19          	70.000         
20          	69.000         
21          	108.000        
22          	104.000        
23          	120.000        
24          	187.000        
25          	125.000        
26          	130.000        
27          	119.000        
28          	127.000        
29          	131.000        
30          	131.000        
31          	133.000        
32          	133.000        
33          	138.000        
34          	150.000        
35          	156.000        
36          	172.000        
37          	172.000        
38          	172.000        
39          	161.000        
40          	168.000        
41          	176.000        
42          	230.000        
43          	226.000        
44          	276.000        
45          	256.000        
